test_data/dtm20.asc
ncols        884
nrows        798
xllcorner    2280740.000000000000
yllcorner    4813540.000000000000
cellsize     20.000000000000
NODATA_value      0
[rows 546 to 587 of 798, columns 376 to 469 of 884]
299 300 300 300 300 300 300 305 305 308 312 313 316 317 321 325 325 325 325 325 325 330 333 337 340 344 350 353 356 357 357 357 357 360 359 360 362 362 364 362 363 365 366 364 363 362 362 362 362 362 361 358 356 352 350 347 346 345 343 342 345 347 352 354 358 363 367 367 361 364 362 357 350 341 337 340 346 352 358 366 375 378 384 389 396 400 400 400 395 395 393 391 391 389
300 300 301 301 302 304 305 307 309 312 316 317 321 325 328 333 333 333 332 331 331 333 338 341 344 345 350 354 358 360 360 360 361 362 362 363 367 365 366 365 367 370 370 369 368 368 368 368 368 368 367 364 362 357 356 352 350 347 346 345 346 350 354 357 360 364 368 367 370 368 366 360 350 343 342 341 345 350 358 366 375 383 389 396 400 401 401 402 400 400 395 395 394 392
300 302 302 303 304 306 308 311 315 316 319 322 327 332 335 340 341 340 338 337 337 338 342 344 350 350 351 355 359 362 362 363 361 364 366 366 368 369 367 368 372 375 375 375 375 375 375 375 375 375 375 368 368 363 360 358 356 352 350 347 347 350 356 360 363 366 370 375 375 375 375 364 358 350 345 344 345 350 358 366 375 383 390 400 401 402 403 403 403 404 400 400 396 396
301 303 304 303 307 308 310 314 317 320 325 325 332 336 342 350 350 346 343 343 343 343 347 350 355 355 355 359 361 365 367 364 365 365 366 368 370 371 372 371 375 377 377 377 377 377 378 378 378 378 378 375 375 368 366 364 360 356 355 350 350 356 359 363 366 368 370 375 377 378 375 366 360 350 349 345 347 350 358 365 372 378 387 400 398 402 403 406 406 406 405 405 400 400
302 303 305 306 305 309 314 317 325 325 335 333 335 340 346 352 354 352 350 350 350 350 350 357 359 358 360 363 365 368 369 367 365 369 368 368 371 372 373 375 375 378 380 380 381 381 381 382 382 382 380 379 379 375 372 368 364 360 356 350 352 358 365 368 371 372 375 377 379 380 378 375 364 359 350 349 350 350 357 363 367 372 375 387 400 400 403 406 408 409 409 408 406 405
307 309 307 309 311 313 316 325 328 336 344 340 342 346 350 355 359 359 360 362 362 362 361 361 364 363 365 367 370 372 375 372 373 372 371 372 372 373 374 375 377 379 381 383 383 384 384 385 385 385 384 384 383 379 375 372 367 363 359 356 357 362 367 375 376 377 379 378 381 383 380 375 371 361 350 352 350 354 357 361 365 370 375 385 389 392 400 405 409 412 414 413 411 409
306 310 309 312 314 315 322 327 333 340 350 350 350 352 352 357 363 366 370 375 375 375 370 367 368 368 370 372 375 377 377 377 375 373 373 373 372 373 375 376 378 381 383 385 386 387 387 388 389 388 387 388 387 382 380 375 369 368 365 361 362 366 371 377 379 381 383 383 385 385 383 381 375 364 360 350 350 352 357 361 365 369 372 375 383 391 400 405 410 414 417 418 417 414
310 309 312 312 316 318 325 331 335 342 350 354 355 357 359 361 366 371 376 379 380 381 379 375 375 375 375 378 382 383 384 383 382 375 375 373 373 374 375 378 380 382 385 387 389 390 390 391 392 392 391 392 392 387 383 380 375 375 368 366 367 369 375 379 382 385 387 388 389 389 388 385 383 375 364 360 357 358 360 363 367 370 373 378 386 392 400 407 413 417 420 425 421 418
312 315 316 313 318 321 325 331 337 343 350 355 360 363 366 367 368 375 380 383 385 386 386 387 386 383 383 384 387 390 392 391 386 383 382 375 374 375 376 379 382 384 386 389 391 392 393 394 395 396 395 395 397 391 387 383 381 381 375 370 370 375 375 380 385 389 392 393 394 394 393 392 389 385 375 366 365 364 363 367 370 372 378 385 391 400 406 410 416 422 425 426 426 425
314 316 317 319 321 323 327 332 337 342 347 356 361 366 371 375 375 377 382 387 390 392 391 400 395 390 391 392 395 396 400 396 392 391 387 380 379 378 379 380 383 386 388 391 393 394 396 396 398 400 400 400 401 394 391 388 387 384 378 375 373 375 379 382 386 391 395 397 400 400 400 400 400 388 381 375 371 371 367 370 375 375 379 387 396 403 407 414 418 425 427 430 429 430
316 319 319 321 323 325 328 335 341 344 350 353 361 370 374 379 380 381 385 390 394 397 400 405 403 400 400 400 401 402 406 403 400 400 394 389 387 384 383 383 385 388 390 392 395 397 398 400 401 404 403 403 403 400 394 393 392 389 383 375 375 375 380 384 388 393 397 400 403 403 403 403 403 400 400 387 379 378 372 375 377 380 382 387 392 400 407 413 421 426 430 432 433 435
320 322 325 325 331 331 335 342 350 350 356 359 366 372 377 380 384 387 389 393 400 400 406 409 410 406 406 406 407 409 410 408 407 406 400 400 392 389 388 387 389 390 392 395 396 400 400 406 406 407 407 407 405 401 400 400 400 395 389 384 379 375 378 385 390 394 400 401 403 406 406 406 405 404 401 394 388 384 378 381 378 381 385 388 394 397 404 412 421 426 430 434 437 439
325 328 333 333 335 336 339 343 350 356 359 363 368 375 375 380 385 390 394 400 405 408 412 416 417 414 413 412 413 416 417 414 410 408 408 400 394 394 393 392 394 396 396 400 400 408 409 409 411 411 411 410 408 404 403 403 403 400 396 390 386 382 385 390 392 400 403 402 405 408 409 409 408 406 404 400 395 389 386 386 384 385 386 389 393 397 404 412 421 426 430 433 437 441
332 335 340 341 342 341 343 347 353 357 362 366 371 376 379 382 386 390 395 400 406 412 416 421 425 421 418 418 418 421 425 418 417 417 414 410 400 400 397 397 397 400 400 409 410 414 416 416 414 415 414 413 410 407 407 405 403 402 400 395 390 387 392 400 400 403 406 407 409 411 413 413 411 409 406 404 400 395 392 392 389 389 390 390 393 397 404 411 421 425 427 431 435 440
333 342 350 350 350 344 345 350 357 361 366 368 375 379 382 386 388 392 395 400 406 412 418 425 426 425 425 425 425 427 429 425 425 425 425 414 408 406 403 402 403 404 412 419 420 425 425 419 419 418 417 416 414 410 409 407 406 404 402 400 393 393 393 400 403 405 408 409 412 413 415 415 415 413 410 405 400 400 400 400 394 394 392 393 395 400 403 411 416 422 425 431 435 442
336 342 350 352 353 350 350 357 361 366 368 372 375 380 385 389 392 395 400 405 408 413 418 425 429 429 429 430 430 431 433 431 431 430 425 417 414 410 410 408 410 414 425 427 426 429 429 425 425 420 421 420 416 413 411 409 407 408 403 402 400 400 400 404 406 408 410 413 415 416 418 419 420 416 411 406 400 404 404 404 400 397 395 394 395 398 400 407 413 418 422 425 433 441
339 346 350 354 356 355 357 360 367 371 375 375 380 383 387 392 395 400 400 405 410 416 422 426 430 432 433 434 435 437 438 437 436 433 430 425 418 416 416 415 417 420 425 430 431 431 431 429 428 425 425 421 418 415 413 411 409 409 406 404 402 403 401 404 408 411 413 415 418 420 421 421 425 418 414 409 406 407 409 408 405 400 398 396 396 398 400 407 412 415 419 425 432 437
338 343 350 354 357 360 362 365 371 375 379 379 382 387 391 394 400 400 404 406 411 415 420 425 429 433 436 438 439 442 443 443 441 437 433 431 425 420 421 421 425 428 431 433 435 435 434 433 430 428 425 421 418 416 414 413 410 409 407 407 407 406 406 408 411 414 415 419 421 423 425 425 425 422 418 415 411 412 414 413 408 404 400 399 397 400 407 411 416 419 420 424 425 433
337 342 347 351 356 362 366 368 375 378 381 382 386 389 394 400 401 404 406 409 412 416 420 425 429 433 437 440 443 447 450 450 444 441 438 434 431 425 428 428 433 435 437 439 440 440 438 435 432 428 425 422 419 417 415 413 412 411 410 409 409 409 410 412 414 417 419 421 425 426 427 427 428 426 425 418 416 417 419 418 413 411 410 400 400 400 408 415 421 425 425 425 425 433
335 340 345 350 356 362 368 375 378 380 383 384 387 391 395 400 403 406 408 410 413 416 419 422 426 432 437 441 445 450 450 451 450 444 443 440 435 432 433 433 437 444 445 446 444 443 440 436 432 429 425 422 420 418 415 415 414 413 413 411 412 413 414 416 419 420 423 425 429 428 430 431 430 429 429 425 420 420 425 425 421 421 420 412 404 410 414 417 425 431 432 433 432 435
334 340 345 350 356 360 366 371 376 379 383 386 389 393 397 400 403 405 408 410 413 416 420 425 429 432 436 442 447 451 451 451 450 450 450 443 442 440 438 437 441 446 450 450 450 445 441 437 433 427 424 422 420 418 417 417 417 416 416 415 415 416 417 420 423 425 426 426 430 432 433 434 433 432 430 426 423 422 425 427 426 426 425 420 414 415 425 425 431 434 439 441 440 442
335 339 343 347 352 359 365 371 375 379 383 386 389 393 397 400 399 403 405 408 413 417 422 426 429 433 437 441 445 450 451 451 451 451 450 450 450 446 442 440 444 450 449 450 450 447 442 438 434 428 425 422 421 419 419 418 419 419 418 417 418 418 420 423 426 428 429 430 432 434 436 437 435 433 433 428 426 425 425 428 429 428 427 426 425 425 430 431 434 440 443 450 446 450
335 339 343 347 352 357 364 371 375 379 381 385 389 392 397 397 398 400 402 406 413 418 425 426 430 433 437 441 445 450 450 451 451 451 451 451 451 450 444 442 444 446 450 450 450 447 444 443 438 432 425 422 421 421 420 420 421 422 421 419 420 421 421 425 428 431 431 433 435 437 436 438 437 437 437 436 434 433 431 434 431 432 431 429 430 430 432 435 439 443 450 452 452 453
335 339 343 347 350 356 362 367 372 376 379 384 387 389 392 392 393 395 400 406 410 416 421 426 430 433 437 441 444 447 450 451 451 452 452 452 451 451 448 445 445 446 448 450 451 451 450 450 441 437 430 425 424 423 423 423 423 425 422 422 422 425 424 425 429 433 434 436 438 440 441 440 440 439 441 441 439 437 436 438 434 434 434 434 435 435 435 438 441 447 450 454 456 459
336 339 343 346 350 355 359 364 369 375 379 383 384 383 386 387 389 394 400 402 409 415 421 426 430 433 436 438 440 443 447 450 451 452 452 452 453 452 450 447 447 447 448 450 452 453 453 451 450 444 437 432 425 425 426 426 426 430 425 425 425 427 426 429 431 434 437 439 441 443 445 445 443 442 443 442 442 441 438 438 435 436 438 438 439 439 440 440 442 446 450 453 458 463
338 341 344 346 350 356 362 368 375 375 378 379 379 378 382 385 390 394 400 406 412 415 421 425 430 432 433 434 436 440 443 447 450 452 453 453 454 453 452 450 450 449 449 451 454 456 455 454 452 450 441 437 432 431 430 432 432 433 431 431 431 431 430 432 435 437 439 442 444 445 448 450 450 448 446 445 444 443 443 440 437 439 440 442 444 445 445 444 445 448 452 456 460 465
339 341 343 346 350 356 362 367 375 375 373 377 375 374 377 383 388 394 400 406 409 415 418 425 429 429 429 432 435 440 445 450 450 452 454 455 455 455 453 453 450 451 453 455 457 459 457 455 454 450 443 443 438 436 435 436 437 438 439 438 436 435 435 436 438 441 441 444 448 448 452 452 454 452 450 447 445 444 442 441 439 442 444 445 448 450 450 448 450 450 454 458 462 467
338 340 342 346 350 356 359 363 364 368 369 371 370 375 379 383 388 392 395 400 406 412 417 422 426 426 425 429 434 439 443 445 450 452 454 456 457 457 456 454 453 454 456 458 460 461 460 458 456 454 450 450 442 440 440 442 444 444 446 442 439 439 439 441 443 445 445 450 450 455 456 459 458 455 455 450 450 446 443 443 442 443 445 448 451 453 453 452 454 454 456 460 463 467
337 339 341 345 350 350 356 357 354 355 359 364 369 375 379 383 387 391 395 400 405 410 414 418 422 423 425 429 433 437 441 445 450 452 453 455 457 459 458 457 457 458 460 462 463 464 463 462 460 457 455 454 447 445 445 447 450 450 450 445 443 443 445 445 447 450 450 454 455 458 462 463 463 460 457 455 450 448 446 446 444 446 448 451 453 456 456 457 458 459 461 463 466 470
335 337 339 342 345 345 350 350 348 349 354 363 375 378 380 383 387 391 396 400 405 409 413 415 419 425 427 430 433 436 440 443 446 450 452 455 457 460 460 460 460 461 463 465 467 467 466 466 464 462 460 457 451 450 450 452 456 456 456 450 446 446 450 450 451 453 454 457 460 462 466 469 467 465 461 458 455 450 450 450 447 448 450 454 455 458 460 461 462 464 465 467 469 470
332 333 335 338 340 343 345 346 346 347 350 362 375 378 380 383 387 391 395 400 404 408 409 411 417 419 425 429 431 435 439 443 445 450 452 455 458 460 462 462 463 465 466 469 471 471 470 470 469 467 464 461 455 456 457 458 461 464 460 457 450 450 454 454 454 455 457 460 463 467 469 475 472 468 465 462 458 455 455 456 450 450 453 456 458 460 463 465 466 468 470 470 472 475
329 329 330 333 336 340 342 343 344 346 350 360 364 375 379 383 387 391 395 400 404 404 405 408 413 417 420 425 430 435 439 445 450 452 454 456 458 461 463 465 466 467 470 471 475 475 475 475 475 470 467 464 460 461 464 467 467 471 465 460 456 455 456 458 458 458 459 462 466 470 475 473 475 472 469 466 462 460 461 461 457 457 457 459 460 463 466 469 470 470 475 475 475 474
325 325 326 330 334 337 339 342 343 345 349 350 362 375 379 381 385 389 394 400 400 400 400 407 412 418 425 426 430 435 440 445 450 452 456 457 459 461 464 466 468 470 472 475 480 481 481 481 481 475 470 468 464 465 468 475 475 475 468 465 461 460 460 462 462 462 462 464 467 470 475 477 477 476 475 469 465 464 466 467 464 464 464 463 464 465 468 471 475 475 475 476 476 475
324 324 325 329 332 336 340 344 346 346 350 357 362 367 375 379 382 387 392 395 395 396 400 407 414 418 425 429 433 437 441 447 450 452 455 457 459 462 464 467 469 471 475 480 483 486 487 487 484 479 475 471 467 468 472 475 478 478 475 468 465 465 465 466 466 466 465 466 469 471 475 478 479 478 475 471 470 468 470 475 472 472 468 468 467 466 470 473 475 476 478 477 476 475
327 325 325 327 333 337 342 345 350 350 350 356 362 367 372 375 380 385 389 391 394 396 400 408 416 425 428 430 434 437 441 445 450 452 454 456 459 461 464 467 469 472 475 481 486 491 493 492 490 487 480 475 469 472 477 479 481 479 475 472 470 470 470 470 470 470 469 469 470 473 475 478 481 478 476 475 475 472 475 476 476 476 475 472 470 469 471 475 476 477 477 476 475 475
332 331 330 331 335 340 344 350 350 353 354 357 361 366 372 376 380 384 387 392 396 400 406 410 417 425 428 432 435 438 441 444 447 450 453 456 458 461 464 467 469 471 475 481 488 493 500 500 500 494 486 475 473 473 477 481 483 481 479 475 475 475 475 475 475 475 473 473 473 475 479 480 482 481 479 479 478 476 476 478 478 478 478 476 475 471 475 475 475 476 476 475 467 464
338 337 336 335 338 343 350 348 352 353 356 359 362 367 372 376 379 383 387 390 394 397 402 408 417 425 429 432 434 437 440 445 450 452 454 456 458 460 464 466 469 473 477 483 489 496 501 501 501 500 489 484 475 478 482 484 486 485 482 480 480 480 479 479 479 479 477 477 477 477 480 483 485 483 483 483 481 480 479 480 480 480 479 476 475 475 473 473 474 475 475 467 463 458
343 342 341 339 340 343 345 348 350 351 355 357 361 365 369 375 379 381 385 389 393 397 400 408 415 425 426 429 432 436 440 446 450 451 453 455 457 460 463 466 469 473 477 484 491 496 500 501 501 500 496 489 482 484 488 489 490 489 487 484 484 484 484 483 483 483 482 482 482 482 484 486 488 487 487 487 485 484 483 483 482 481 479 477 476 476 474 475 473 475 468 464 458 453
350 347 345 343 344 345 346 347 348 350 352 355 358 363 367 372 376 380 384 388 391 394 397 400 410 415 425 425 430 432 437 441 444 450 451 453 455 458 462 465 468 473 478 484 492 500 501 501 501 501 500 493 488 490 495 493 495 493 491 490 490 490 489 487 487 487 487 487 488 489 489 490 491 491 491 490 489 488 486 483 482 480 479 477 475 473 475 475 475 468 465 459 456 453
357 350 348 348 350 350 350 350 350 353 350 354 361 366 369 375 377 383 387 391 394 397 400 403 408 411 417 419 425 427 433 437 442 445 448 450 454 458 462 466 470 472 475 484 495 500 501 502 503 502 501 500 493 496 502 500 500 497 495 495 495 495 493 491 491 491 491 492 493 494 494 495 495 495 495 494 492 488 486 483 480 479 478 475 475 475 471 468 467 464 460 456 450 450
362 358 350 350 353 353 354 354 356 358 357 361 365 371 375 380 382 386 389 393 397 400 403 406 409 412 416 420 425 430 433 438 443 447 452 455 458 462 465 469 472 475 483 490 500 501 502 503 504 504 504 504 500 502 504 506 505 500 500 500 500 500 497 496 496 496 495 497 497 500 500 500 500 500 500 497 493 490 485 481 477 476 475 475 471 468 466 463 460 457 456 452 450 446
371 362 357 355 357 358 358 360 361 362 363 366 375 377 380 383 387 391 394 394 400 404 408 410 410 412 416 419 422 427 432 437 443 450 454 456 460 463 467 470 475 481 485 492 500 501 503 504 506 506 507 507 506 508 511 510 506 504 501 502 501 500 500 500 500 500 500 501 503 503 502 502 501 501 500 500 497 489 482 477 471 468 468 468 467 464 461 458 456 450 450 445 441 440
