test_data/dtm20.asc
ncols        884
nrows        798
xllcorner    2280740.000000000000
yllcorner    4813540.000000000000
cellsize     20.000000000000
NODATA_value      0
[rows 378 to 419 of 798, columns 752 to 845 of 884]
327 329 329 330 332 333 333 333 333 332 336 340 340 341 343 343 342 345 346 347 348 348 350 353 358 360 363 367 370 375 375 381 384 390 393 393 393 393 392 389 383 375 375 375 371 370 368 368 366 365 365 364 363 361 361 360 359 358 356 355 353 352 350 350 347 348 350 350 354 356 359 361 364 366 365 368 375 383 391 400 406 407 412 417 425 437 450 450 437 450 460 462 475 475
326 328 328 329 330 334 334 332 331 332 334 338 340 341 342 345 344 344 344 344 346 347 350 353 355 358 362 365 368 370 370 375 381 384 387 387 387 387 385 382 381 375 371 371 370 368 366 365 363 362 362 361 360 359 358 357 357 356 355 353 352 350 347 348 348 350 350 354 356 359 362 364 368 375 368 369 375 383 391 400 407 414 417 425 437 450 460 462 450 450 462 475 479 475
327 330 328 328 329 330 334 332 332 331 332 336 338 340 341 344 342 343 343 344 345 346 348 350 353 357 359 362 364 366 370 375 375 381 381 381 381 381 381 375 375 371 370 367 367 365 363 362 361 359 359 358 358 356 355 355 355 354 353 352 350 347 348 347 350 353 354 356 359 362 365 368 370 375 375 375 375 383 391 400 410 416 425 435 439 450 462 475 462 462 475 480 479 475
326 328 329 329 328 329 331 331 332 330 331 334 335 338 342 342 342 343 342 343 344 346 347 350 353 354 356 358 360 363 367 370 375 375 375 375 375 375 375 371 371 369 366 364 363 362 360 359 358 356 356 356 355 354 352 352 352 352 352 350 350 347 347 350 353 355 358 359 361 365 368 370 375 381 382 383 383 385 392 400 412 425 433 439 450 460 464 475 475 475 482 483 480 475
326 328 328 328 329 329 331 331 329 330 332 333 334 337 340 341 341 342 340 342 343 346 346 347 350 350 354 354 357 361 364 368 370 371 371 371 371 371 370 369 367 366 364 361 360 359 357 356 356 354 353 353 352 352 350 350 350 350 350 349 348 346 347 350 350 354 357 361 364 366 370 375 381 384 389 391 391 392 393 400 412 425 433 441 450 462 475 485 487 487 487 486 481 475
326 328 328 328 329 329 330 330 329 331 331 333 336 336 340 340 342 341 342 343 343 346 345 346 347 347 350 350 354 358 362 365 366 367 367 367 367 367 366 366 364 362 360 358 357 356 354 353 353 352 350 350 350 350 350 349 349 349 349 348 347 346 345 346 350 350 356 361 366 370 370 375 382 389 393 400 400 400 400 408 414 425 433 441 450 462 475 487 500 500 492 489 482 475
326 327 327 327 328 329 329 329 330 329 330 332 334 335 337 341 339 342 342 343 342 345 346 346 347 346 347 350 354 356 359 361 363 364 364 364 364 363 362 362 360 358 357 355 353 353 353 350 350 350 348 348 348 349 349 349 349 349 349 348 348 347 346 346 347 350 356 362 368 375 375 382 387 392 400 407 410 412 410 412 417 425 435 441 450 462 475 487 500 502 500 489 483 475
325 326 326 326 326 326 327 327 327 327 328 329 333 335 337 338 339 342 341 344 345 346 344 345 346 345 344 346 350 354 356 358 360 360 360 360 360 360 358 358 357 355 353 353 350 350 350 349 348 348 349 348 348 349 349 349 349 349 349 349 347 347 346 345 347 350 356 362 368 375 382 387 392 400 406 410 416 425 416 417 425 433 439 450 458 464 475 487 500 500 489 485 475 466
325 325 326 326 326 326 327 327 327 327 327 328 329 331 330 335 334 338 338 340 342 344 345 345 343 342 343 345 347 350 353 355 357 357 357 357 357 357 355 354 353 353 350 350 348 348 348 347 347 347 347 349 348 348 348 348 348 348 348 348 347 345 346 346 346 350 357 364 368 375 383 391 400 406 409 413 418 425 425 425 435 439 442 450 460 466 475 487 500 500 487 475 467 462
324 325 325 325 326 326 326 326 327 327 327 328 329 330 330 330 331 331 338 337 339 342 344 341 340 343 341 343 344 345 350 353 353 353 353 353 353 353 353 350 350 350 348 347 347 347 347 347 347 346 348 348 348 348 348 348 348 348 348 348 346 345 344 345 349 350 360 366 375 382 387 392 400 407 414 418 419 425 435 437 439 450 450 450 462 475 483 489 500 500 475 475 466 458
324 324 325 325 325 326 326 326 326 327 327 328 329 329 329 330 333 330 331 338 338 342 342 344 343 342 340 341 344 345 346 350 350 350 350 350 350 350 350 347 347 347 346 346 346 346 346 346 346 347 348 348 348 348 348 348 348 348 348 348 346 346 345 349 349 350 362 375 382 387 392 400 407 412 417 425 425 435 439 450 450 455 456 458 464 475 483 489 491 487 475 468 464 457
324 324 325 325 325 325 326 326 326 326 326 328 329 329 330 333 333 333 330 335 334 340 340 340 340 338 340 338 339 341 345 344 344 345 345 345 345 347 347 346 345 345 345 344 344 344 344 346 345 344 345 346 346 346 347 347 347 347 348 348 347 345 349 349 350 360 364 375 385 391 400 407 412 417 425 432 435 439 450 453 454 456 460 462 467 475 480 486 485 483 475 467 460 456
324 324 324 325 325 325 325 326 326 326 326 328 328 329 331 332 332 331 332 334 334 335 335 337 338 337 337 336 338 339 343 341 341 341 340 342 342 342 344 344 343 343 343 343 343 343 342 342 343 343 343 344 345 346 346 347 347 347 348 348 348 349 349 349 350 362 375 383 389 400 400 408 416 425 425 433 441 450 450 453 456 458 462 465 468 475 479 481 481 475 468 464 457 450
324 324 324 325 325 325 325 326 326 326 326 329 328 327 328 330 329 331 331 333 335 333 334 336 336 337 336 337 335 335 338 339 339 338 338 339 339 340 340 339 341 341 341 342 344 342 340 342 342 343 343 343 344 346 345 346 346 347 347 347 348 349 349 350 360 364 375 385 391 400 407 412 417 425 431 435 442 450 452 453 457 460 462 465 469 475 478 480 478 475 468 462 456 450
323 324 324 325 325 325 325 325 326 326 326 328 329 331 328 328 329 329 331 335 335 333 336 334 335 336 337 336 336 334 336 335 335 336 337 337 337 337 338 339 339 340 340 340 343 340 341 341 341 341 344 343 344 345 346 345 345 346 347 348 348 349 350 358 364 375 375 387 400 400 410 416 425 431 434 440 443 450 451 454 455 458 460 463 468 475 472 475 477 475 467 460 456 450
324 324 324 325 325 325 325 325 325 326 326 329 329 330 328 328 328 329 331 333 331 332 335 334 333 336 336 336 335 332 333 332 333 334 335 335 335 334 337 337 338 338 339 339 341 342 340 341 340 341 343 343 346 346 346 345 346 346 348 348 349 349 350 360 366 375 385 389 400 408 414 425 430 433 438 443 450 450 450 451 453 454 456 459 465 468 475 473 473 475 466 458 450 437
324 324 324 324 325 325 325 325 325 326 326 328 328 328 329 329 328 328 329 333 330 332 333 332 335 335 335 335 335 331 332 332 332 332 332 332 333 333 333 335 336 337 337 338 340 342 340 342 340 342 343 344 345 346 345 345 345 347 348 348 349 350 358 364 375 383 389 400 407 412 417 425 429 433 438 442 443 443 450 450 450 450 450 456 462 468 475 475 475 467 462 457 450 437
323 323 324 324 324 325 325 325 325 325 326 328 328 328 328 329 329 328 328 329 329 331 332 332 334 332 334 334 334 331 331 330 330 331 330 330 330 330 331 335 336 337 339 337 340 341 342 341 341 341 342 343 344 345 345 344 346 347 348 348 349 350 360 366 375 385 391 400 408 416 425 425 431 434 437 437 437 439 441 442 443 444 450 456 460 467 475 475 475 466 458 450 450 437
324 323 323 323 324 324 325 325 325 325 325 326 326 326 326 327 327 327 327 327 327 327 328 329 331 329 329 331 330 330 331 331 330 329 327 328 328 328 330 333 334 336 339 336 339 340 341 340 341 342 342 344 345 345 345 346 346 347 348 348 349 350 362 375 385 389 400 406 410 417 425 427 430 433 433 432 431 432 433 435 438 443 450 450 457 464 468 469 468 464 457 450 441 435
323 323 323 323 324 324 325 325 325 325 325 325 325 326 326 327 327 327 328 329 328 329 329 331 330 330 330 330 329 330 329 328 329 328 325 325 325 325 327 332 335 337 337 338 336 339 341 338 339 340 341 343 344 345 345 345 346 347 348 349 350 360 364 375 387 400 400 406 412 416 425 427 428 429 429 427 425 425 425 431 435 442 450 454 458 462 466 464 463 459 456 450 439 433
322 323 323 323 324 324 325 325 325 325 325 325 325 325 327 327 327 328 328 329 329 328 328 328 329 329 329 329 329 329 327 326 326 325 323 324 324 324 325 330 333 335 335 338 338 339 340 340 341 343 342 345 345 345 346 346 347 347 348 349 350 362 375 383 389 400 400 406 408 412 425 425 425 425 425 425 420 421 421 425 433 441 450 454 458 461 462 460 458 456 450 441 435 425
322 322 323 323 323 323 324 324 325 325 325 326 326 326 326 326 327 328 328 330 328 328 328 326 327 327 327 325 325 326 326 325 325 323 324 324 324 325 327 330 333 335 334 337 338 339 340 340 342 343 341 343 344 344 346 346 347 348 349 350 350 362 375 381 388 393 400 400 400 400 400 412 412 414 417 418 417 417 421 425 433 441 450 453 457 458 460 458 455 450 443 439 432 425
322 322 323 323 323 323 323 324 325 325 325 325 325 326 325 326 327 327 328 328 328 326 325 325 325 325 325 325 325 325 325 323 324 323 325 325 325 327 328 331 332 331 331 335 336 337 338 340 341 340 340 341 343 345 345 347 347 348 349 350 362 375 381 382 386 393 395 394 396 397 396 400 400 408 410 413 414 417 421 425 433 441 450 452 453 455 456 455 454 450 443 437 431 425
322 322 323 323 323 323 323 323 324 324 325 325 325 325 326 326 326 327 327 327 326 326 325 325 325 325 325 325 325 324 323 323 323 329 325 329 329 330 330 331 332 332 330 333 334 335 336 339 339 341 340 341 346 343 346 347 347 348 350 350 375 375 380 383 387 389 390 392 394 394 396 397 397 400 406 410 414 418 421 425 435 441 450 451 451 454 454 452 450 445 441 436 431 425
321 322 322 322 323 323 323 323 323 324 324 324 325 325 325 325 325 326 326 326 326 325 324 324 325 325 324 324 323 323 323 323 325 325 335 331 331 331 331 334 334 332 334 335 336 336 338 338 340 340 340 341 345 344 347 347 348 348 350 362 375 381 382 385 386 386 392 392 391 392 394 395 397 400 406 411 416 420 425 433 439 450 447 450 451 451 451 451 450 443 439 435 430 425
322 323 322 322 322 323 322 323 323 323 323 323 324 324 325 325 325 325 325 325 325 324 324 324 324 324 324 324 324 324 325 325 330 335 330 331 332 331 331 334 336 336 335 335 337 338 340 340 337 340 339 340 344 345 347 348 348 350 358 364 375 381 386 383 386 387 386 388 390 392 394 395 399 400 407 414 418 425 425 435 441 450 450 451 450 450 448 450 450 442 437 433 430 425
322 322 321 322 322 323 323 324 323 324 324 323 324 324 324 325 325 326 325 325 325 325 325 324 324 324 324 324 325 325 328 328 330 335 332 331 330 330 333 336 333 335 336 337 337 339 340 338 337 338 339 344 344 345 347 348 350 350 358 366 375 382 390 385 385 386 387 392 391 394 396 398 400 407 410 417 425 425 435 439 450 448 451 451 450 450 450 443 442 437 432 431 425 425
321 321 322 322 322 322 322 322 322 323 322 323 323 324 324 325 325 325 325 325 325 325 325 324 324 324 325 325 327 328 328 330 331 335 333 332 331 331 333 333 333 336 336 337 337 338 338 338 338 338 344 344 344 345 347 348 350 356 360 367 375 375 375 383 379 381 385 388 392 395 400 400 407 412 417 418 425 435 439 450 450 451 452 452 451 448 450 442 435 432 425 425 425 418
320 320 320 322 321 321 321 322 322 322 323 323 323 323 323 323 325 325 325 324 324 325 324 324 324 325 326 327 327 330 329 330 331 335 333 333 332 331 331 334 334 336 336 337 337 338 338 338 340 344 343 342 345 346 348 348 350 356 361 366 370 370 371 375 375 380 383 388 393 400 406 407 412 417 425 425 435 439 450 451 452 452 452 452 451 450 443 439 432 425 422 420 418 415
320 320 320 321 320 321 321 321 322 322 322 322 323 323 323 324 324 324 324 324 324 324 324 324 324 325 326 328 330 330 331 330 331 334 335 333 332 332 331 338 334 336 337 337 337 338 338 339 342 343 341 344 346 346 348 350 353 354 361 364 367 368 371 372 375 375 382 389 393 400 408 414 417 425 425 435 439 450 451 453 454 453 451 451 449 450 443 437 431 425 421 418 415 411
319 320 320 320 321 321 321 322 321 322 322 322 322 323 323 324 324 324 324 324 325 325 324 324 325 325 326 328 330 330 331 332 331 334 335 333 333 333 332 338 338 337 337 338 338 339 339 340 341 342 343 343 346 346 348 350 353 356 360 363 365 368 371 372 375 382 385 392 400 410 414 417 425 432 435 439 450 450 452 453 456 453 450 450 450 445 443 437 432 429 425 420 415 409
319 319 319 320 320 321 320 321 321 321 322 322 322 323 323 323 324 324 324 325 325 325 324 325 325 326 327 328 330 330 331 332 333 333 334 335 333 333 332 338 334 335 337 338 338 339 339 340 341 342 342 343 346 347 348 350 354 357 360 363 367 370 371 375 382 387 392 393 400 412 425 425 431 435 441 450 450 449 451 450 450 450 450 446 446 444 440 437 433 429 425 420 415 411
318 319 319 320 320 321 321 321 321 321 322 322 322 322 323 324 324 324 325 325 325 325 325 325 326 326 328 328 330 330 331 332 332 333 334 335 334 333 333 338 338 335 335 338 338 339 339 340 340 342 343 343 344 345 348 350 354 358 362 364 367 371 375 382 387 392 400 400 410 414 425 430 433 438 443 450 450 449 448 450 446 446 446 445 443 442 439 436 433 429 425 420 418 414
318 318 319 319 319 320 320 320 321 321 322 322 322 322 323 323 324 325 325 325 325 325 325 326 327 327 328 330 330 330 331 332 332 333 334 335 334 333 333 337 337 337 335 335 338 338 339 340 341 342 340 342 345 347 348 350 355 360 364 366 369 371 375 385 391 400 400 408 414 425 429 431 435 439 444 450 451 449 450 445 444 442 443 442 441 441 438 435 432 430 429 425 425 417
318 318 319 319 319 320 320 320 321 321 321 322 322 322 323 323 324 325 325 325 326 326 326 326 327 328 328 330 330 331 331 332 332 333 333 335 334 334 333 336 336 337 337 335 337 336 338 340 339 340 341 343 345 347 350 355 358 362 367 370 370 375 375 387 400 400 407 412 417 425 429 433 437 441 445 450 447 450 450 445 441 439 439 439 439 439 437 435 433 431 430 427 426 425
317 318 318 319 319 320 320 320 321 321 321 321 322 322 323 323 324 325 325 325 326 326 326 327 327 328 329 330 330 331 331 332 333 333 333 334 335 334 335 336 336 336 336 336 336 336 336 339 338 340 342 344 347 350 354 357 362 366 369 375 375 375 385 389 400 406 410 417 425 425 429 433 437 441 445 450 450 444 443 441 439 437 436 436 437 437 437 435 434 431 429 427 427 425
317 317 317 318 319 320 320 320 320 321 321 321 322 322 323 323 324 325 325 325 326 326 326 327 327 328 329 330 330 331 331 332 332 333 333 333 333 335 335 335 335 335 335 335 335 335 337 337 338 339 341 344 350 350 355 360 364 369 375 380 381 383 389 400 405 408 413 418 425 428 430 433 437 441 445 450 450 443 438 436 435 433 433 433 435 435 436 435 433 431 429 428 424 425
318 317 317 318 319 320 320 320 320 321 321 321 322 322 323 323 323 324 325 324 325 325 326 327 327 328 329 330 330 331 331 331 331 331 333 332 333 334 334 334 334 334 334 334 334 334 335 335 337 339 342 345 350 354 357 362 367 370 375 381 382 389 392 400 405 410 414 419 425 428 430 435 438 441 442 443 443 440 434 431 430 429 429 431 432 433 433 433 432 430 428 427 425 418
317 317 317 318 318 320 320 320 320 321 322 321 322 322 323 323 323 324 324 325 325 325 326 326 327 328 329 330 330 330 331 331 331 331 332 332 332 333 333 333 333 333 334 334 334 334 334 335 335 338 341 346 350 355 360 364 369 375 380 383 384 393 400 404 407 412 417 420 425 428 431 435 438 439 438 438 437 434 431 425 425 425 428 429 430 431 431 431 431 429 427 425 425 418
316 318 318 318 318 320 320 321 321 321 322 322 322 322 323 323 323 324 324 324 324 325 325 326 327 328 328 329 330 330 331 331 331 331 331 332 332 332 332 333 333 333 333 333 333 334 334 334 335 338 340 345 350 356 361 366 370 375 380 380 384 388 400 405 409 414 419 425 424 428 431 434 436 436 435 433 431 431 425 422 422 422 425 428 428 428 429 429 429 428 425 425 420 416
316 318 318 318 318 320 320 320 321 321 322 322 322 322 322 323 323 323 324 324 324 325 325 326 327 327 328 329 330 330 331 331 331 331 331 331 332 332 332 332 333 332 332 333 333 333 334 334 334 335 340 345 350 356 362 368 375 374 376 379 382 390 400 405 409 415 420 425 425 428 429 430 432 431 431 430 425 425 421 421 420 421 425 425 427 427 427 427 427 427 425 420 417 413
317 319 319 316 318 320 321 321 321 322 320 321 321 322 322 322 323 323 323 324 324 325 325 326 326 327 328 329 330 330 330 330 330 330 331 331 331 332 332 332 332 333 332 333 333 333 333 334 334 335 340 345 350 356 362 368 375 372 374 377 383 388 400 405 409 415 420 425 425 426 427 429 431 429 429 429 425 421 420 417 419 419 420 425 425 425 425 427 425 425 420 417 413 411
