test_data/dtm20.asc
ncols        884
nrows        798
xllcorner    2280740.000000000000
yllcorner    4813540.000000000000
cellsize     20.000000000000
NODATA_value      0
[rows 588 to 629 of 798, columns 470 to 563 of 884]
431 425 425 423 422 422 421 418 416 413 411 410 409 410 408 406 406 408 409 408 408 407 405 403 401 397 393 391 387 383 380 377 373 372 375 376 378 380 381 381 379 379 377 376 376 376 376 376 370 364 361 358 357 358 358 361 360 358 358 357 353 353 345 344 338 333 328 325 322 321 319 317 315 313 311 309 307 305 303 301 300 300 297 297 297 295 296 295 296 296 296 296 299 300
425 422 421 420 420 419 419 417 415 412 410 408 406 407 405 402 400 405 404 404 404 403 403 400 397 392 388 387 383 379 375 370 368 369 371 375 377 379 380 379 378 376 375 372 372 371 371 367 362 359 356 355 350 350 350 353 350 350 350 350 346 345 342 338 336 325 323 322 321 319 317 315 313 311 309 307 305 303 301 300 297 297 297 297 296 296 297 295 295 295 295 296 299 304
421 420 418 418 417 417 416 415 413 411 408 406 405 404 403 400 397 400 400 400 400 400 400 400 391 388 384 383 380 379 375 368 364 366 370 375 376 378 379 377 375 375 370 368 367 365 364 361 357 350 350 348 345 345 344 343 343 343 343 342 340 337 334 325 324 322 321 319 317 317 315 313 311 309 306 304 303 300 298 297 297 296 296 296 296 296 296 296 296 295 297 300 303 308
418 417 415 415 414 414 414 413 411 410 408 405 403 401 400 400 394 393 392 395 391 391 389 387 385 382 381 380 377 375 366 364 361 365 368 375 376 377 378 375 375 370 368 365 363 361 358 356 350 348 345 344 341 340 338 339 338 337 337 336 333 332 325 325 322 317 319 317 315 315 313 311 309 307 305 303 300 300 297 296 296 295 295 296 296 296 296 296 296 297 297 300 306 313
414 414 413 412 412 412 412 411 409 408 407 405 402 400 400 397 392 388 386 385 383 383 383 375 375 375 375 375 367 362 360 357 359 364 375 373 376 376 376 375 369 368 364 362 359 356 355 350 346 344 342 340 338 336 333 334 332 331 331 331 327 325 321 321 319 319 317 315 314 313 311 309 307 306 303 302 300 297 297 296 296 295 296 296 295 295 296 296 296 296 297 300 307 315
411 410 410 409 410 410 410 409 407 405 405 404 402 400 400 394 390 385 381 375 375 375 375 375 367 364 362 363 355 350 350 350 350 369 375 376 374 375 373 372 367 364 361 358 356 354 350 346 344 341 339 337 335 332 330 330 327 327 325 325 322 321 319 320 319 316 315 313 311 311 309 307 306 305 302 300 300 297 296 297 295 295 296 295 294 296 296 296 296 296 298 300 310 316
409 407 406 406 407 408 409 407 405 403 402 402 402 400 394 391 387 383 380 375 370 370 370 368 364 358 350 354 349 346 347 349 356 375 375 376 372 375 370 365 363 360 357 355 354 351 350 346 342 339 336 334 331 329 325 325 323 323 321 322 321 320 318 316 316 313 314 312 310 309 307 306 304 302 300 300 297 296 296 295 296 295 295 296 295 296 296 296 297 297 300 300 312 325
406 404 403 404 405 406 407 406 404 402 400 400 400 396 392 388 384 381 377 372 368 365 364 364 361 356 350 347 345 344 346 350 361 370 375 375 375 364 363 361 357 356 352 352 350 347 347 344 341 337 334 331 329 325 324 323 322 320 320 320 318 318 317 315 310 314 312 310 309 307 307 304 302 300 297 297 296 296 296 296 295 295 295 296 296 296 297 297 297 300 305 312 320 329
405 403 400 402 403 405 406 404 403 400 400 393 393 391 387 384 381 377 376 371 366 362 360 360 358 355 350 344 342 343 345 348 355 363 363 364 363 360 358 356 352 352 348 348 346 345 344 343 340 337 333 329 326 325 322 321 320 320 319 317 317 316 314 315 313 312 310 309 307 305 305 302 300 298 297 296 296 295 296 296 296 297 296 296 299 299 300 300 300 300 312 325 325 335
402 401 400 400 402 403 404 404 402 400 396 391 387 386 382 380 377 375 371 367 364 359 356 355 354 352 350 345 341 341 344 347 353 359 360 359 357 355 355 350 350 347 346 345 344 342 341 340 338 336 333 330 327 325 321 319 317 319 316 316 316 315 312 313 311 310 309 307 305 305 302 300 297 297 296 296 296 295 296 296 296 297 299 299 302 303 306 307 309 311 320 329 334 339
400 400 395 395 400 402 403 402 401 400 392 387 382 382 378 375 371 371 366 362 359 356 352 350 350 350 343 342 339 338 341 344 350 356 358 356 356 351 350 346 346 345 344 342 342 340 339 337 335 333 331 328 326 325 321 320 317 316 315 315 314 313 311 310 309 308 307 305 305 303 300 298 297 297 296 295 295 294 295 296 296 297 299 302 307 309 311 313 315 321 325 333 339 346
396 393 391 393 400 399 401 401 400 395 388 382 378 377 371 367 365 364 361 357 355 352 347 345 344 343 340 338 336 334 338 343 350 350 352 350 350 347 345 343 342 343 341 340 339 338 336 335 333 330 328 328 325 321 321 319 316 315 315 314 312 312 309 308 307 306 305 304 303 302 300 298 297 296 296 295 294 295 295 296 296 296 300 306 310 314 316 318 322 328 332 335 342 350
390 389 386 389 391 400 400 400 400 394 385 375 371 370 365 362 359 357 356 353 350 350 345 342 339 338 334 333 331 331 334 340 343 347 350 346 343 342 340 340 339 340 339 338 337 335 334 332 330 328 326 325 321 320 319 318 316 314 314 313 311 310 307 307 305 303 303 302 302 300 300 298 297 297 296 295 296 296 296 297 297 300 303 308 315 318 322 325 328 333 337 341 343 350
385 383 381 382 385 387 387 388 387 386 375 375 367 363 359 356 353 352 350 347 345 345 343 339 336 333 331 328 327 325 331 334 338 341 342 340 338 336 336 336 336 336 336 336 334 333 331 330 328 326 325 321 320 315 318 318 317 315 312 310 309 308 306 304 305 303 302 300 300 298 298 297 298 297 296 296 297 297 297 297 300 306 305 312 317 325 325 333 334 337 341 347 350 358
380 377 375 375 375 375 375 378 375 372 367 365 360 357 350 350 347 346 345 343 341 341 340 338 334 331 327 325 324 324 325 331 332 334 335 333 331 331 331 332 333 333 333 333 332 331 329 327 327 325 322 321 319 315 318 317 315 313 308 307 309 308 305 304 303 300 300 300 298 297 297 297 298 298 297 299 300 300 300 300 306 309 311 314 321 329 334 338 342 342 347 354 358 362
375 375 368 369 370 370 370 375 370 368 364 360 353 350 346 346 345 342 341 340 338 337 336 335 332 329 325 323 322 323 323 325 325 331 331 325 325 325 329 329 329 330 331 330 330 328 327 325 325 322 320 318 318 314 315 314 310 309 307 307 308 306 306 303 300 298 297 297 298 297 297 297 298 297 299 300 304 303 304 306 309 313 314 320 325 330 337 346 350 350 354 360 364 367
367 367 365 364 364 364 366 368 367 364 361 357 353 350 346 343 342 340 338 336 334 333 333 331 331 328 325 323 321 321 322 323 323 325 325 323 323 323 325 325 326 328 328 327 327 327 325 324 322 321 319 317 315 314 313 308 308 308 307 308 306 305 302 300 298 297 296 297 297 297 297 297 298 300 301 305 306 308 309 312 312 316 316 322 328 334 339 346 353 356 360 365 371 375
361 360 360 360 360 360 361 362 362 360 357 355 350 346 345 342 339 337 335 333 331 329 329 328 328 326 325 323 321 320 320 321 321 322 323 322 322 323 323 323 324 325 325 325 325 325 322 321 320 318 317 315 313 313 309 308 308 307 308 306 308 304 300 297 297 297 297 296 297 297 298 300 300 302 306 308 310 310 313 314 315 318 322 328 333 340 343 350 356 362 367 375 380 381
356 352 356 355 355 355 356 356 357 356 354 350 348 346 342 340 337 334 332 330 328 325 325 325 325 324 323 322 321 319 319 319 320 320 321 321 321 322 322 323 323 324 323 322 322 322 321 320 318 317 315 313 311 310 312 306 308 308 305 304 304 300 297 297 297 297 296 296 296 299 300 300 307 307 308 311 312 313 314 316 319 321 325 333 338 342 350 353 358 365 368 375 381 386
350 349 350 350 350 350 350 350 354 352 350 346 345 344 341 338 335 332 329 328 325 324 324 324 324 323 322 321 320 318 317 317 318 319 320 320 320 321 322 322 323 323 321 321 320 320 319 318 316 315 313 311 309 308 307 306 305 303 302 303 300 298 297 297 297 300 300 300 300 305 307 309 312 313 313 313 314 315 317 320 325 328 330 337 342 350 353 358 364 367 375 381 385 390
349 348 348 348 347 347 347 347 350 350 346 344 342 341 339 336 333 330 328 325 324 323 323 323 323 322 321 320 319 318 316 315 316 318 319 319 320 320 321 321 321 321 321 319 319 318 318 316 315 313 311 309 307 306 305 304 303 302 300 300 298 298 298 296 299 300 308 312 319 313 313 315 321 318 318 317 317 319 321 322 325 333 337 345 350 356 358 364 367 375 375 382 390 395
347 346 346 345 345 345 345 345 346 346 344 341 340 338 336 335 332 328 326 325 323 323 322 322 322 322 321 320 319 318 317 316 317 318 318 319 319 319 320 320 320 319 318 318 317 317 316 315 313 312 310 308 306 303 302 302 302 300 298 298 297 298 298 297 300 306 311 316 325 325 317 322 325 325 322 321 321 321 323 325 331 335 342 350 355 358 364 367 375 381 382 387 392 400
344 342 343 343 343 342 342 343 343 342 341 339 337 336 333 332 330 328 325 323 322 322 323 322 321 321 320 320 319 318 318 317 318 318 319 319 319 320 319 319 319 318 317 317 316 316 315 314 312 311 309 307 305 302 301 300 300 298 297 300 300 300 300 300 305 309 315 322 323 325 325 324 327 327 326 325 325 322 325 331 334 340 342 350 356 362 367 372 375 382 389 392 400 405
342 342 341 341 341 340 340 341 341 339 338 336 335 333 331 328 328 326 322 322 322 322 322 321 321 321 320 320 320 319 319 319 319 319 319 320 320 320 320 320 319 317 317 316 316 315 314 313 311 310 308 307 305 303 301 300 300 300 300 300 301 300 300 304 307 312 316 322 325 326 327 327 329 329 328 328 328 325 330 333 338 343 347 350 356 363 368 375 378 384 392 400 405 408
342 341 339 339 338 338 339 338 338 337 336 333 332 330 328 326 325 322 323 322 322 322 322 322 322 321 321 321 321 320 320 320 320 320 320 320 321 321 321 320 319 317 316 316 315 314 313 312 311 310 308 307 306 304 302 301 302 302 302 303 304 303 304 306 309 313 317 322 326 326 328 329 330 331 331 331 331 330 333 337 341 346 350 353 358 365 372 378 382 387 392 400 406 411
340 339 338 337 337 336 335 336 336 335 334 332 330 327 326 325 323 323 322 322 322 322 322 322 322 322 322 321 322 322 322 322 322 322 321 321 322 322 321 320 319 318 317 317 316 314 313 313 312 311 310 308 307 306 304 303 303 304 304 305 305 305 306 307 310 314 317 321 325 327 329 330 332 333 333 333 333 334 336 340 344 350 355 356 360 365 372 378 383 390 397 403 408 414
339 338 336 335 337 337 334 333 333 333 331 331 329 325 325 323 323 323 322 322 322 322 322 322 322 322 322 322 323 323 323 323 323 323 322 322 322 322 322 321 320 319 319 318 316 315 315 314 313 312 311 310 309 308 306 305 305 306 306 307 308 308 308 309 312 314 317 320 325 327 328 330 332 334 335 335 336 337 340 343 347 352 356 360 363 368 372 375 382 389 397 403 410 416
338 337 338 337 335 332 331 330 330 330 329 328 328 324 325 322 322 323 322 322 322 323 322 323 323 323 323 323 324 324 324 325 324 323 323 323 323 323 323 322 322 321 319 317 318 316 316 315 315 314 313 312 311 310 308 307 307 308 308 309 310 310 310 311 313 315 317 319 323 325 327 329 332 334 336 337 339 340 342 345 350 355 357 361 366 370 375 380 384 390 397 404 412 417
336 335 335 333 330 329 329 328 327 327 326 325 326 325 325 323 322 321 321 322 323 322 322 323 324 326 324 324 325 329 329 329 328 325 325 325 325 324 324 323 322 322 322 320 319 318 317 317 316 316 315 314 313 312 310 310 310 310 310 311 312 313 313 314 314 315 317 319 321 325 327 329 332 334 336 339 340 341 344 348 352 356 360 365 368 372 378 382 387 391 397 405 414 425
334 331 332 329 329 328 327 327 325 325 324 322 323 322 323 322 323 322 322 322 323 322 323 325 325 328 330 335 336 338 339 339 336 332 331 330 330 325 325 324 323 322 322 321 320 319 319 319 318 318 317 316 315 314 312 312 312 311 312 313 314 315 316 316 316 317 317 319 321 324 326 328 331 334 337 340 342 344 345 348 353 359 363 368 372 375 382 386 390 394 397 407 420 427
332 331 329 328 327 327 325 325 324 323 321 322 322 322 322 323 323 322 323 323 322 323 325 327 331 333 337 345 346 350 350 350 342 339 336 335 333 331 331 327 324 323 322 322 321 321 321 321 320 320 318 318 317 316 314 314 313 314 314 315 316 317 318 319 319 319 321 321 322 323 326 328 334 335 338 342 345 346 350 353 358 364 368 372 375 379 385 391 393 400 407 420 427 430
330 329 328 327 325 325 322 322 322 323 322 321 322 322 323 322 322 325 323 323 323 325 329 331 334 337 342 350 350 352 352 351 350 343 341 340 338 337 336 333 328 325 324 323 323 323 323 322 322 321 320 320 319 318 317 316 315 315 316 317 318 319 321 322 322 322 323 324 324 325 325 331 335 336 339 342 346 350 357 361 365 367 372 375 384 388 392 400 400 412 425 431 433 436
328 327 327 325 325 322 322 322 322 322 325 323 322 321 324 325 325 327 325 323 325 329 332 336 339 342 343 350 351 353 354 354 352 350 345 344 343 343 342 339 333 331 325 325 325 325 325 325 325 322 322 322 321 320 319 318 317 317 318 319 320 321 322 325 325 325 326 327 328 328 330 333 334 338 341 344 346 350 358 366 375 375 375 383 388 396 400 407 412 425 425 432 437 440
325 325 325 323 322 322 322 322 325 325 331 327 324 324 328 331 330 331 329 325 329 332 336 338 343 346 347 350 350 354 356 357 354 350 350 350 350 350 350 343 340 336 332 330 329 329 329 329 329 325 325 325 323 322 321 319 319 319 319 320 322 322 325 325 330 330 331 332 332 333 335 337 338 340 343 346 350 357 363 370 375 379 384 388 392 400 411 420 425 431 432 437 442 443
325 322 323 322 323 325 325 325 333 333 334 331 328 328 334 336 335 335 332 329 331 335 338 342 345 350 351 353 354 356 358 358 357 355 356 356 356 356 356 350 346 341 337 334 333 333 333 333 331 330 329 329 325 325 322 321 321 321 321 322 323 325 330 330 333 335 335 339 338 335 338 339 340 344 345 350 357 362 367 375 381 384 389 396 400 410 414 425 431 434 438 442 450 450
325 323 322 325 325 328 332 335 339 341 340 336 334 337 341 341 340 338 335 333 333 337 341 345 350 353 354 355 358 359 361 361 361 360 362 362 362 362 360 357 350 343 340 337 336 337 337 337 335 334 334 332 329 329 324 324 323 322 322 324 325 330 333 335 336 338 339 342 340 340 339 341 344 345 350 356 361 367 375 380 383 386 392 400 409 414 425 431 434 440 443 447 450 455
325 324 325 327 330 332 337 341 350 350 343 340 339 342 350 346 345 341 339 337 337 339 341 345 350 353 356 359 360 362 364 365 365 365 367 368 368 368 366 360 350 345 341 339 340 341 341 341 340 340 339 336 333 331 326 325 325 324 324 325 327 331 336 340 340 342 345 343 342 342 343 344 346 350 355 359 365 372 377 381 386 389 393 400 411 421 425 431 437 443 450 450 451 452
323 325 327 330 333 336 340 346 347 350 345 342 341 344 350 350 347 345 342 341 340 342 344 346 350 354 357 360 363 364 368 369 370 370 372 375 375 375 375 362 350 345 342 341 343 344 345 345 345 345 342 339 337 333 329 328 328 326 325 329 331 334 338 340 341 345 348 345 345 345 345 346 350 355 358 363 367 372 377 381 386 391 397 407 420 427 430 433 439 443 450 451 452 450
325 326 329 332 335 338 342 347 350 350 346 345 345 347 348 349 350 348 346 344 343 345 346 348 350 354 358 361 365 367 368 372 375 375 377 380 379 380 377 367 350 347 344 344 345 348 350 350 350 350 345 342 339 336 333 331 330 328 329 331 334 337 342 344 346 346 348 347 345 345 346 350 352 355 360 364 369 375 375 380 384 390 397 405 414 425 431 438 442 447 451 450 446 440
325 328 331 334 336 340 343 347 350 350 348 346 347 350 349 350 350 350 348 345 346 348 350 351 354 356 359 364 366 369 372 372 376 377 379 384 385 382 377 367 355 351 346 346 348 350 354 358 357 353 347 344 341 338 335 334 332 331 332 334 337 340 344 347 350 349 349 349 347 348 350 351 354 356 360 365 368 371 374 378 380 389 396 405 413 425 432 439 447 450 450 445 440 434
328 328 331 335 338 341 344 348 350 350 348 347 348 350 350 351 351 351 350 347 348 350 353 353 356 358 360 364 368 373 377 376 377 382 387 388 388 385 378 368 361 350 349 349 350 355 362 365 364 358 350 346 343 340 338 336 335 334 335 337 339 342 345 350 350 350 349 349 349 350 351 353 355 358 361 364 367 369 372 375 381 386 392 400 420 428 433 440 447 451 450 441 435 428
329 330 333 335 338 342 344 348 350 350 350 350 349 350 350 351 353 351 350 348 349 351 353 356 358 360 361 365 368 373 377 378 379 382 390 393 392 390 387 379 368 354 353 355 360 362 370 375 369 362 354 347 345 342 341 339 337 336 337 339 342 344 348 350 351 350 350 351 351 351 353 355 357 359 361 364 366 369 372 375 381 386 392 400 420 428 434 440 447 450 445 438 432 425
