test_data/dtm20.asc
ncols        884
nrows        798
xllcorner    2280740.000000000000
yllcorner    4813540.000000000000
cellsize     20.000000000000
NODATA_value      0
[rows 84 to 125 of 798, columns 564 to 657 of 884]
457 461 460 458 457 450 452 452 450 445 443 441 437 434 431 429 429 425 429 436 445 451 453 456 458 461 464 466 470 472 475 481 485 491 496 500 500 500 501 500 491 483 475 463 452 450 450 449 447 446 450 462 475 476 479 482 486 489 493 500 502 506 510 513 517 520 521 525 530 535 540 545 546 550 558 562 572 575 600 608 614 625 633 639 650 650 650 650 648 647 650 651 653 657
454 456 456 450 449 450 446 445 442 440 438 436 433 430 429 425 425 425 429 435 446 451 454 456 459 461 464 466 469 471 473 478 482 488 492 495 495 495 496 493 489 482 475 462 450 444 443 443 445 450 458 464 475 479 482 484 487 491 495 500 502 506 510 513 515 518 521 525 531 537 542 548 550 556 561 566 575 583 589 600 612 625 633 640 650 651 651 651 650 650 650 651 654 657
452 452 450 443 443 443 442 439 436 434 432 431 430 425 425 423 423 425 425 437 450 452 454 456 459 461 463 466 468 470 471 475 480 485 488 490 491 492 491 489 485 481 475 462 450 443 438 440 443 450 458 466 475 477 481 485 489 493 498 501 503 506 509 511 514 517 521 525 531 537 543 550 555 559 565 572 578 584 592 600 611 622 630 639 650 651 653 652 652 652 651 654 655 658
450 450 442 439 437 439 438 434 432 427 427 425 425 422 423 422 425 428 433 438 450 452 455 457 459 461 463 465 467 468 470 473 477 482 484 485 487 488 488 485 482 476 475 462 450 442 436 437 442 450 459 466 475 478 482 485 489 493 498 500 503 504 507 510 513 517 521 525 531 537 543 550 553 560 566 572 579 585 592 600 610 622 630 638 650 651 653 654 653 655 654 655 659 659
443 442 438 433 431 433 434 431 427 425 422 422 422 422 422 422 425 432 438 441 450 452 456 458 460 461 463 464 466 467 468 470 475 479 480 481 483 484 486 484 480 476 468 461 450 439 432 433 439 450 461 472 475 479 482 486 489 492 495 500 500 503 506 508 512 516 520 525 531 537 542 548 553 560 567 572 581 588 592 600 610 616 625 632 650 651 653 655 655 655 656 657 660 662
441 437 433 427 425 427 430 426 424 423 422 421 422 422 422 425 432 437 442 446 451 453 456 459 461 462 463 464 463 465 466 468 470 475 476 479 479 481 481 482 479 476 466 454 444 436 425 425 437 450 470 475 476 480 482 484 487 489 493 498 496 500 505 508 511 515 520 525 532 538 542 548 554 563 567 575 586 596 600 609 614 625 630 637 646 650 652 654 656 656 657 660 660 663
437 433 431 425 421 425 426 426 422 421 421 421 422 421 425 432 436 442 450 450 453 456 458 460 462 464 463 462 461 461 462 464 466 470 475 475 476 478 478 478 477 475 466 454 443 434 425 423 432 450 470 475 476 478 479 481 484 486 489 492 493 498 503 509 513 517 520 525 533 540 547 555 561 566 575 582 595 603 605 611 622 628 632 638 643 650 652 654 655 657 658 659 660 662
433 430 425 422 418 420 425 421 420 420 421 422 422 424 429 435 441 447 450 451 454 457 460 463 465 465 464 462 460 458 458 460 461 467 469 470 471 475 475 475 475 469 461 450 438 428 425 422 440 457 470 475 475 475 475 479 480 481 485 489 493 498 504 511 516 519 525 525 534 541 550 559 564 568 575 585 596 604 611 615 622 628 633 638 644 650 651 654 656 657 660 661 664 664
429 425 419 417 414 418 419 418 417 420 421 425 425 425 433 441 450 453 454 455 458 460 464 465 467 467 465 463 460 457 454 456 458 462 464 465 468 470 470 469 469 463 458 450 438 427 422 423 440 456 463 467 468 469 470 475 475 478 484 490 494 498 505 513 522 522 528 533 538 547 555 564 568 573 575 585 597 605 613 622 625 628 634 639 644 650 653 655 657 658 660 660 663 664
429 425 417 413 410 413 414 415 417 421 425 431 432 435 439 442 450 454 457 458 460 464 466 469 470 469 467 462 458 455 450 452 455 458 461 461 463 465 466 466 463 457 450 438 431 425 421 429 450 457 461 462 463 464 467 470 475 482 487 492 500 504 508 516 525 528 533 537 542 550 557 564 567 575 583 586 597 605 613 622 628 632 638 641 647 652 654 657 658 659 661 661 663 665
425 421 414 409 406 408 412 416 419 421 425 431 437 441 450 450 454 456 458 461 464 466 469 471 475 475 468 464 457 450 451 449 450 454 456 458 459 461 462 463 460 456 450 437 425 423 425 437 450 452 456 456 460 465 468 475 483 488 492 500 501 506 513 525 530 533 538 543 550 557 562 567 575 581 587 592 600 610 616 625 631 637 643 647 650 655 657 659 660 661 663 663 664 665
420 412 409 404 400 406 412 417 423 425 431 434 440 443 450 454 457 460 462 463 466 469 471 475 475 476 475 466 458 450 450 448 447 450 451 454 455 457 458 459 458 454 450 437 425 422 425 435 440 450 450 452 459 467 475 485 489 494 500 498 499 507 515 525 531 536 541 546 552 558 566 575 581 585 590 595 600 612 625 625 633 638 643 650 654 658 660 662 663 664 665 665 665 666
411 405 400 400 400 407 413 418 425 431 434 440 443 450 455 457 461 463 466 465 468 471 475 475 477 476 475 467 462 457 450 447 444 445 446 450 451 454 454 455 456 454 450 437 425 422 423 427 436 441 450 457 463 467 475 487 500 499 499 498 497 508 525 531 534 540 543 550 557 563 567 575 582 590 592 600 612 625 632 635 639 642 647 650 652 659 663 665 665 666 666 667 667 667
403 400 401 400 400 408 415 422 428 433 440 443 450 450 456 461 465 468 470 468 470 473 476 477 478 477 477 475 466 460 450 447 443 443 443 445 446 450 450 453 453 452 450 437 425 421 422 425 434 441 450 459 466 475 483 489 500 501 503 502 504 509 525 531 537 543 550 556 560 567 575 581 585 592 600 609 614 625 633 641 650 650 650 650 661 665 667 668 669 669 668 668 669 669
400 397 398 400 407 411 417 425 431 436 442 450 454 455 458 464 468 471 475 473 473 475 477 478 480 479 478 477 475 464 458 450 444 440 440 441 443 445 445 450 450 450 450 437 425 422 422 425 436 447 455 462 472 478 484 492 500 501 507 506 507 512 525 531 537 543 550 557 564 568 575 581 587 593 600 611 622 628 634 642 650 657 659 662 667 675 675 675 673 671 671 671 671 671
396 396 399 400 408 415 425 428 433 439 443 450 455 460 463 467 473 475 476 475 476 477 478 480 481 480 479 477 475 466 458 450 443 438 436 436 438 441 443 445 450 442 440 435 425 421 421 425 437 450 458 465 475 481 486 492 500 501 503 509 509 514 525 531 537 543 550 558 566 575 581 584 590 593 600 611 625 632 636 642 650 660 666 672 675 676 678 678 676 675 673 673 672 672
392 395 400 409 413 417 425 431 436 441 447 453 457 462 467 469 475 476 476 477 477 478 480 481 483 481 479 477 475 466 458 450 445 436 433 433 435 437 440 442 443 439 433 427 425 421 421 425 437 450 458 466 475 480 486 490 493 499 503 507 513 515 525 531 537 543 550 558 565 575 581 587 593 600 603 610 621 625 636 647 656 663 675 675 678 679 681 681 679 678 676 676 675 675
393 398 404 411 421 421 428 432 439 443 450 456 460 465 469 475 475 476 476 477 478 479 480 482 484 483 479 476 470 465 458 452 443 435 428 429 431 434 437 438 438 435 431 425 420 417 421 424 432 450 458 466 475 479 482 486 490 493 498 503 510 517 525 531 537 543 550 555 563 575 581 586 592 600 607 610 615 625 637 650 661 671 675 679 681 683 685 686 683 682 684 684 683 683
400 400 408 414 421 428 432 436 441 447 450 457 464 468 475 474 477 477 476 477 477 478 479 480 482 480 478 475 468 463 458 452 441 429 425 425 429 431 434 434 434 431 426 419 415 416 419 425 437 450 457 463 467 475 478 482 486 489 494 500 508 516 525 531 535 540 544 550 560 566 575 585 597 603 607 612 622 630 638 650 662 675 678 680 683 686 688 688 686 687 688 689 689 690
404 408 412 417 425 429 435 439 443 448 454 460 467 475 475 477 478 477 477 477 477 478 477 478 478 478 476 471 467 462 457 451 441 429 423 423 425 428 430 430 430 426 425 412 411 416 423 430 438 450 453 459 465 469 473 478 482 487 492 498 508 513 522 528 533 539 543 550 559 566 575 586 597 604 610 614 625 633 640 650 661 671 677 682 686 688 688 687 691 689 690 693 693 697
410 414 417 425 428 431 438 442 447 450 456 462 471 474 478 478 480 477 477 477 476 476 475 475 477 476 475 471 465 461 456 451 441 429 425 423 423 425 427 428 426 425 404 400 410 416 423 430 438 447 453 458 462 466 470 475 480 484 489 494 500 509 516 525 532 538 547 550 560 572 580 588 600 607 613 622 628 634 641 647 657 670 677 682 687 691 692 691 691 690 691 694 700 698
414 421 425 430 436 437 446 450 453 454 461 470 471 477 479 480 480 478 478 476 475 475 471 470 475 475 468 466 463 458 454 450 440 434 425 422 422 425 425 426 418 413 403 400 412 425 428 431 439 450 452 456 459 464 468 473 478 482 489 494 500 508 515 522 530 538 547 555 561 572 580 589 600 607 613 622 628 635 642 650 660 671 677 681 686 691 695 692 691 691 692 695 700 698
425 433 436 439 449 450 451 456 458 462 467 475 479 480 481 481 480 479 476 475 471 470 467 467 468 467 463 461 458 455 450 450 438 428 425 420 420 423 421 425 413 403 397 400 412 425 430 434 440 450 450 453 459 464 468 473 478 482 489 494 500 507 514 522 530 538 547 555 563 572 580 589 600 607 614 622 628 635 642 650 659 666 675 680 685 688 689 691 688 691 691 696 697 700
435 439 444 450 455 453 457 460 464 467 470 476 480 482 483 482 480 478 477 475 470 466 463 462 462 460 457 455 453 450 442 439 434 425 420 418 420 425 425 413 406 399 400 404 425 428 432 436 440 447 450 456 462 468 475 476 481 483 489 493 500 507 513 522 530 538 547 555 563 572 581 589 600 607 614 622 629 636 642 650 659 666 675 679 683 685 686 690 691 691 692 694 696 697
441 450 450 455 458 459 462 466 468 472 475 481 483 485 485 482 479 477 475 471 468 463 460 457 455 456 451 450 447 442 437 433 432 425 420 416 416 417 414 410 400 395 400 412 425 428 431 434 439 442 450 456 461 466 470 475 480 484 490 495 500 508 516 525 533 541 550 559 569 577 588 600 606 611 617 625 633 641 650 657 665 675 676 680 683 681 686 687 690 692 694 694 694 696
441 450 452 457 462 465 467 472 475 479 483 485 488 488 485 481 477 475 475 470 466 462 458 454 450 450 445 442 441 437 432 425 425 420 418 414 412 410 408 400 398 396 400 412 425 429 430 433 438 443 450 454 460 465 470 475 480 484 490 495 500 508 516 525 533 541 550 561 569 577 588 600 606 612 618 625 632 640 645 652 663 675 675 680 679 679 682 684 691 693 693 693 692 691
439 443 450 457 463 468 475 478 482 486 490 492 493 491 486 481 475 470 470 468 464 459 455 451 450 443 440 438 436 433 428 425 420 418 415 412 408 406 400 396 400 400 406 412 417 425 429 434 440 445 450 454 460 464 469 475 480 484 489 494 500 508 516 525 535 541 550 562 575 583 590 600 606 612 618 625 631 638 644 652 661 669 675 674 675 675 679 684 689 691 691 693 691 694
437 442 447 454 464 471 478 483 488 492 500 500 500 493 487 481 475 470 466 466 462 458 454 450 443 439 434 431 431 428 425 420 419 415 412 409 406 405 400 396 400 405 408 413 418 425 430 433 439 445 450 454 458 463 468 475 480 482 488 493 500 509 516 525 537 550 558 564 575 583 591 600 606 612 618 625 631 636 638 650 658 662 675 675 664 675 679 681 684 688 690 692 694 694
437 443 447 454 464 474 481 485 492 500 502 500 500 492 485 481 475 468 465 463 460 457 453 450 443 437 431 424 425 423 420 418 416 413 410 407 404 401 398 399 400 406 411 416 419 425 429 433 436 443 447 450 456 461 466 470 475 481 487 493 500 510 522 530 538 550 558 564 575 583 590 600 606 612 618 625 630 635 636 641 650 650 650 650 662 675 679 679 682 686 689 691 689 694
438 444 450 457 463 470 477 483 490 497 498 495 492 488 482 475 468 465 462 461 458 454 451 445 440 436 431 424 420 419 416 414 413 410 407 405 401 398 397 400 405 408 414 418 425 429 430 434 438 441 446 450 455 460 465 470 475 481 488 493 500 509 516 525 536 544 550 561 572 580 588 600 606 612 618 625 633 631 631 635 637 637 639 642 650 675 675 678 681 685 689 690 693 696
440 445 450 456 460 467 475 482 487 492 494 490 486 483 477 475 467 460 458 458 456 453 450 442 436 431 430 424 419 415 413 410 409 407 404 401 401 398 398 400 405 411 416 423 425 429 432 436 439 442 446 450 457 463 467 470 475 482 489 497 500 508 516 525 537 550 550 559 566 575 587 600 606 612 618 625 626 625 625 625 625 625 633 636 641 650 675 678 682 685 688 689 694 700
440 444 448 450 458 466 475 478 483 486 485 483 481 477 475 465 462 457 452 454 454 451 450 440 433 424 425 424 418 413 409 407 405 404 401 400 398 398 400 403 406 411 416 423 427 430 434 438 441 444 448 453 459 466 472 475 478 483 489 493 500 508 515 522 525 537 550 558 566 575 587 600 605 610 615 616 619 616 615 613 613 613 625 630 637 647 666 673 680 683 687 690 692 698
440 442 444 450 457 464 468 475 477 481 478 475 475 468 463 460 454 455 450 450 453 451 443 436 428 420 416 416 415 409 406 404 401 400 398 397 397 397 400 404 408 412 417 423 427 431 435 439 443 448 450 457 462 467 475 482 484 489 492 494 500 508 515 522 525 537 550 559 566 575 595 599 606 609 610 610 610 608 608 602 602 606 613 625 638 647 660 675 679 681 685 688 692 698
438 441 442 447 456 459 465 470 475 475 470 465 463 461 453 450 447 450 446 448 450 444 436 428 420 416 409 408 408 406 400 400 400 398 397 397 397 397 400 404 408 413 418 423 427 431 435 439 443 448 454 460 466 472 479 485 491 492 500 500 500 509 516 525 535 546 555 562 572 575 595 601 603 605 604 602 602 600 600 591 591 596 607 620 630 638 650 663 675 679 681 684 690 693
433 436 441 443 449 456 461 466 468 467 463 459 453 450 445 442 441 442 444 442 444 438 433 425 415 409 400 400 403 401 400 397 398 397 398 397 397 399 402 405 409 414 418 423 427 431 436 440 444 448 455 463 472 479 485 490 497 499 506 508 505 512 522 530 537 547 555 564 575 585 595 597 600 600 601 591 583 575 575 575 575 587 600 611 621 632 645 656 665 675 676 681 687 693
435 437 440 442 449 453 459 463 463 461 458 453 445 441 440 438 436 435 438 436 435 433 428 418 411 403 399 399 400 400 397 398 398 397 398 400 400 402 405 407 411 415 419 423 427 431 436 440 445 450 455 463 472 480 488 497 500 506 510 512 512 515 525 534 540 550 558 565 575 583 589 595 587 579 583 575 566 563 562 563 566 575 595 606 614 625 645 654 661 667 675 681 684 690
432 434 436 443 449 454 458 459 460 456 450 445 438 433 432 431 428 431 433 431 425 425 414 410 400 398 395 396 396 397 397 397 397 397 398 400 402 405 407 411 414 417 420 425 430 434 437 441 445 450 458 464 472 481 488 497 503 507 515 512 514 522 530 536 547 553 559 567 575 580 583 585 575 567 566 563 554 553 550 555 564 575 595 605 609 620 632 645 657 662 667 675 681 683
433 435 437 443 446 451 454 457 458 455 450 441 433 425 425 425 423 425 429 425 418 412 410 400 398 395 392 394 394 396 397 397 397 398 400 401 404 408 411 415 418 420 425 429 433 438 442 445 450 457 463 469 477 488 500 501 506 509 514 515 518 524 530 538 547 553 559 564 566 575 575 575 564 561 554 553 544 544 548 555 562 571 582 595 606 614 625 645 650 657 664 668 675 678
432 436 438 442 449 450 452 454 454 453 450 441 433 425 420 420 418 420 426 425 412 400 400 392 392 391 391 391 393 396 397 399 399 400 400 400 404 408 412 416 420 425 425 430 435 439 444 450 456 460 467 475 483 490 500 502 504 509 512 514 518 525 533 541 550 551 556 558 561 562 562 561 556 550 550 540 537 536 540 550 562 575 575 600 608 614 625 641 652 657 662 665 669 673
431 436 440 443 449 451 452 452 452 451 450 441 433 425 419 414 413 415 418 413 403 400 387 387 388 388 390 393 395 396 400 400 401 401 404 404 407 410 412 416 420 425 428 431 435 440 445 450 456 460 467 475 483 489 500 500 503 503 508 512 516 525 532 536 538 550 550 550 550 550 550 550 546 539 540 536 527 528 538 550 560 567 575 587 600 612 625 637 650 655 658 663 665 668
431 437 442 450 449 451 452 451 451 450 443 439 432 425 418 415 409 406 410 403 393 387 375 382 383 387 392 395 397 400 401 403 403 405 406 408 411 413 416 417 421 425 428 431 435 440 445 450 450 457 464 468 475 485 490 500 500 499 503 508 514 525 527 527 528 537 537 538 537 537 537 537 536 531 533 527 525 527 538 550 562 575 575 587 600 612 625 637 650 654 657 659 664 665
431 437 443 450 451 451 451 451 450 450 442 437 431 426 425 415 408 400 403 400 388 378 375 375 381 387 393 400 400 401 401 404 404 407 409 412 414 417 420 420 421 423 425 430 435 439 445 450 455 458 463 468 475 477 485 489 492 493 498 500 511 516 516 516 517 525 525 527 525 525 525 525 525 522 525 521 525 526 538 550 560 564 575 587 600 612 625 636 642 650 654 657 658 662
